0 0.00
0 0.00
1 0.00
1 0.00
1 0.00
1 0.00
2 0.00
2 0.00
2 0.00
3 0.00
3 0.00
4 0.00
4 0.00
4 0.00
5 0.00
5 0.00
5 0.00
5 0.00
6 0.00
6 0.00
6 0.00
7 0.00
7 0.00
8 0.00
8 0.00
8 0.00
9 0.00
9 0.00
9 0.00
9 0.00
10 0.00
10 0.00
10 0.00
11 0.00
11 0.00
12 0.00
12 0.00
12 0.00
12 0.00
13 0.00
13 0.00
13 0.00
14 0.00
14 0.00
14 0.00
15 0.00
15 0.00
15 0.00
16 0.00
16 0.00
16 0.00
17 0.00
17 0.00
17 0.00
18 0.00
18 0.00
18 0.00
19 0.00
19 0.00
20 0.00
20 0.00
20 0.00
21 0.00
21 0.00
21 0.00
21 0.00
22 0.00
22 0.00
23 0.00
23 0.00
23 0.00
24 0.00
24 0.00
24 0.00
25 0.00
25 0.00
25 0.00
25 0.00
26 0.00
26 0.00
26 0.00
27 0.00
27 0.00
27 0.00
28 20.00
28 60.00
28 100.00
29 133.33
29 166.67
30 193.33
30 286.67
30 313.33
30 333.33
31 346.67
31 346.67
31 346.67
32 380.00
32 366.67
33 366.67
33 373.33
33 380.00
34 380.00
34 413.33
34 413.33
34 420.00
35 426.67
35 420.00
36 426.67
36 460.00
36 446.67
36 453.33
37 473.33
37 466.67
38 466.67
38 480.00
38 480.00
38 486.67
39 493.33
39 500.00
39 493.33
40 506.67
40 506.67
40 513.33
41 526.67
41 526.67
41 520.00
42 546.67
42 540.00
43 540.00
43 546.67
43 546.67
43 566.67
44 573.33
44 573.33
45 560.00
45 580.00
45 586.67
46 580.00
46 586.67
46 580.00
47 606.67
47 600.00
47 606.67
47 606.67
48 606.67
48 613.33
48 620.00
49 626.67
49 626.67
50 626.67
50 633.33
50 640.00
50 633.33
51 653.33
51 660.00
51 640.00
52 653.33
52 666.67
52 660.00
53 660.00
53 660.00
53 666.67
54 680.00
54 680.00
54 680.00
55 680.00
55 693.33
56 686.67
56 706.67
56 693.33
57 706.67
57 713.33
57 713.33
57 700.00
58 720.00
58 720.00
59 726.67
59 733.33
59 720.00
59 720.00
60 740.00
60 740.00
60 753.33
61 740.00
61 746.67
61 733.33
62 740.00
62 753.33
63 760.00
63 746.67
63 760.00
63 766.67
64 773.33
64 760.00
65 780.00
65 773.33
65 773.33
66 780.00
66 780.00
66 786.67
66 780.00
67 786.67
67 806.67
67 766.67
68 800.00
68 780.00
68 793.33
69 820.00
69 800.00
69 806.67
70 820.00
70 813.33
70 793.33
71 826.67
71 840.00
71 813.33
72 846.67
72 820.00
73 833.33
73 833.33
73 826.67
74 846.67
74 846.67
74 840.00
74 826.67
75 833.33
75 853.33
75 853.33
76 866.67
76 873.33
77 833.33
77 886.67
77 860.00
78 880.00
78 893.33
78 853.33
78 873.33
79 886.67
79 900.00
79 880.00
80 860.00
80 873.33
80 880.00
81 893.33
81 893.33
81 893.33
82 913.33
82 900.00
82 906.67
83 920.00
83 900.00
83 900.00
84 913.33
84 920.00
84 913.33
85 940.00
85 920.00
86 920.00
86 946.67
86 940.00
87 940.00
87 953.33
87 940.00
88 946.67
88 953.33
88 946.67
89 940.00
89 953.33
89 973.33
89 946.67
90 960.00
90 960.00
90 966.67
91 973.33
91 980.00
92 986.67
92 993.33
92 980.00
93 960.00
93 973.33
93 993.33
93 980.00
94 1000.00
94 1013.33
94 1006.67
95 1026.67
95 1013.33
95 993.33
96 1000.00
96 1006.67
97 1000.00
97 1053.33
97 1013.33
97 1040.00
98 1006.67
98 1033.33
98 1026.67
99 1040.00
99 1020.00
99 1040.00
100 1033.33
100 1020.00
100 1033.33
101 1060.00
101 1046.67
101 1046.67
102 1060.00
102 1060.00
103 1046.67
103 1073.33
103 1086.67
104 1093.33
104 1126.67
104 1073.33
104 1073.33
105 1060.00
105 1073.33
106 1080.00
106 1120.00
106 1100.00
106 1106.67
107 1086.67
107 1113.33
107 1106.67
108 1113.33
108 1126.67
108 1120.00
109 1113.33
109 1106.67
110 1120.00
110 1106.67
110 1133.33
111 1113.33
111 1106.67
111 1106.67
111 1100.00
112 1140.00
112 1146.67
112 1153.33
113 1146.67
113 1153.33
114 1140.00
114 1173.33
114 1153.33
114 1146.67
115 1160.00
115 1180.00
115 1160.00
116 1180.00
116 1173.33
116 1166.67
117 1193.33
117 1180.00
117 1186.67
118 1153.33
118 1166.67
119 1160.00
119 1180.00
119 1180.00
120 1206.67
120 1193.33
120 1200.00
120 1186.67
121 1220.00
121 1213.33
122 1186.67
122 1233.33
122 1213.33
123 1180.00
123 1200.00
123 1220.00
123 1200.00
124 1233.33
124 1206.67
124 1220.00
125 1240.00
125 1220.00
125 1226.67
126 1220.00
126 1213.33
126 1233.33
127 1246.67
127 1213.33
128 1240.00
128 1253.33
128 1253.33
128 1260.00
129 1233.33
129 1253.33
129 1260.00
130 1266.67
130 1253.33
131 1240.00
131 1253.33
131 1260.00
131 1260.00
132 1273.33
132 1286.67
132 1293.33
133 1280.00
133 1280.00
133 1260.00
134 1280.00
134 1280.00
134 1266.67
135 1293.33
135 1306.67
136 1300.00
136 1306.67
136 1300.00
136 1306.67
137 1313.33
137 1313.33
138 1313.33
138 1340.00
138 1313.33
139 1366.67
139 1326.67
139 1326.67
140 1300.00
140 1326.67
140 1340.00
141 1313.33
141 1346.67
141 1326.67
142 1333.33
142 1340.00
142 1333.33
142 1333.33
143 1346.67
143 1340.00
143 1360.00
144 1353.33
144 1366.67
145 1360.00
145 1360.00
145 1353.33
145 1373.33
146 1333.33
146 1373.33
147 1346.67
147 1366.67
147 1373.33
147 1353.33
148 1353.33
148 1360.00
148 1373.33
149 1373.33
149 1373.33
149 1386.67
150 1400.00
150 1386.67
151 1380.00
151 1400.00
151 1386.67
151 1386.67
152 1380.00
152 1413.33
152 1420.00
153 1406.67
153 1406.67
153 1386.67
154 1393.33
154 1400.00
154 1386.67
155 1406.67
155 1406.67
155 1393.33
156 1400.00
156 1426.67
156 1406.67
157 1433.33
157 1433.33
158 1426.67
158 1446.67
158 1446.67
158 1453.33
159 1453.33
159 1460.00
160 1433.33
160 1426.67
160 1406.67
160 1460.00
161 1446.67
161 1453.33
162 1460.00
162 1440.00
162 1453.33
163 1433.33
163 1460.00
163 1420.00
163 1440.00
164 1460.00
164 1466.67
165 1460.00
165 1486.67
165 1440.00
166 1473.33
166 1460.00
166 1460.00
167 1486.67
167 1453.33
167 1480.00
167 1480.00
168 1460.00
168 1500.00
168 1486.67
169 1486.67
169 1486.67
169 1466.67
170 1486.67
170 1493.33
170 1500.00
171 1486.67
171 1506.67
171 1506.67
172 1500.00
172 1513.33
172 1513.33
173 1506.67
173 1520.00
174 1526.67
174 1533.33
174 1526.67
174 1500.00
175 1533.33
175 1520.00
175 1520.00
176 1533.33
176 1533.33
177 1526.67
177 1520.00
177 1506.67
177 1526.67
178 1520.00
178 1526.67
179 1513.33
179 1526.67
179 1526.67
179 1533.33
180 1540.00
180 1526.67
180 1540.00
181 1553.33
181 1553.33
181 1546.67
182 1533.33
182 1533.33
182 1533.33
183 1546.67
183 1540.00
184 1540.00
184 1560.00
184 1540.00
184 1573.33
185 1553.33
185 1566.67
186 1560.00
186 1566.67
186 1573.33
187 1566.67
187 1560.00
187 1566.67
187 1566.67
188 1573.33
188 1573.33
189 1573.33
189 1580.00
189 1573.33
189 1566.67
190 1573.33
190 1566.67
191 1586.67
191 1566.67
191 1580.00
191 1566.67
192 1566.67
192 1573.33
193 1586.67
193 1580.00
193 1566.67
194 1586.67
194 1593.33
194 1586.67
195 1580.00
195 1593.33
195 1600.00
195 1600.00
196 1613.33
196 1593.33
196 1606.67
197 1613.33
197 1600.00
197 1593.33
198 1606.67
198 1600.00
199 1606.67
199 1606.67
199 1613.33
199 1613.33
200 1620.00
200 1606.67
200 1633.33
200 1553.33
200 1653.33
200 1660.00
200 1673.33
200 1673.33
200 1680.00
200 1666.67
200 1673.33
200 1686.67
200 1686.67
200 1666.67
200 1680.00
200 1660.00
200 1666.67
200 1660.00
200 1673.33
200 1660.00
200 1653.33
200 1660.00
200 1680.00
200 1680.00
200 1666.67
200 1666.67
200 1660.00
200 1673.33
200 1666.67
200 1660.00
200 1686.67
200 1680.00
200 1666.67
200 1673.33
200 1680.00
200 1660.00
200 1686.67
200 1680.00
200 1680.00
200 1673.33
200 1660.00
200 1660.00
200 1680.00
200 1673.33
200 1673.33
200 1673.33
200 1666.67
200 1680.00
200 1680.00
200 1673.33
200 1673.33
200 1673.33
200 1673.33
200 1673.33
200 1686.67
200 1666.67
200 1660.00
200 1666.67
200 1680.00
200 1686.67
200 1673.33
200 1666.67
200 1653.33
200 1673.33
200 1693.33
200 1700.00
200 1680.00
200 1673.33
200 1673.33
200 1680.00
200 1673.33
200 1680.00
200 1680.00
200 1686.67
200 1666.67
200 1700.00
200 1680.00
200 1686.67
200 1686.67
200 1680.00
200 1693.33
200 1686.67
200 1680.00
200 1680.00
200 1680.00
200 1680.00
200 1686.67
200 1673.33
200 1686.67
200 1673.33
200 1686.67
200 1673.33
200 1666.67
200 1673.33
200 1680.00
200 1666.67
200 1680.00
200 1680.00
200 1673.33
200 1680.00
200 1666.67
200 1666.67
200 1673.33
200 1653.33
200 1666.67
200 1660.00
200 1673.33
200 1653.33
200 1660.00
200 1673.33
200 1666.67
200 1680.00
200 1666.67
200 1660.00
200 1666.67
200 1666.67
200 1653.33
200 1660.00
200 1666.67
200 1660.00
200 1660.00
200 1646.67
200 1673.33
200 1673.33
200 1673.33
200 1660.00
200 1666.67
200 1673.33
200 1666.67
200 1673.33
200 1666.67
200 1666.67
200 1680.00
200 1666.67
200 1680.00
200 1680.00
200 1666.67
200 1660.00
200 1680.00
200 1673.33
200 1660.00
200 1673.33
200 1666.67
200 1666.67
200 1666.67
200 1646.67
200 1653.33
200 1646.67
200 1660.00
200 1666.67
200 1646.67
200 1660.00
200 1653.33
200 1653.33
200 1633.33
200 1666.67
200 1653.33
200 1653.33
200 1666.67
200 1666.67
200 1660.00
200 1653.33
200 1660.00
200 1666.67
200 1673.33
200 1666.67
200 1653.33
200 1666.67
200 1653.33
200 1646.67
200 1653.33
200 1666.67
200 1660.00
200 1653.33
200 1666.67
200 1660.00
200 1666.67
200 1666.67
200 1666.67
200 1673.33
200 1660.00
200 1666.67
200 1666.67
200 1673.33
200 1673.33
200 1673.33
200 1673.33
200 1673.33
200 1673.33
200 1673.33
200 1666.67
200 1673.33
200 1673.33
200 1693.33