0,  64
1,  175
2,  60
3,  25
4,  110
5,  129
6,  110
7,  29
8,  86
9,  137
10,  253
11,  193
12,  168
13,  43
14,  211
15,  218
16,  81
17,  132
18,  102
19,  174
20,  213
21,  203
22,  3
23,  231
24,  171
25,  163
26,  97
27,  180
28,  249
29,  162
30,  74
31,  184
32,  39
33,  199
34,  90
35,  90
36,  32
37,  220
38,  100
39,  174
40,  84
41,  173
42,  64
43,  44
44,  135
45,  52
46,  103
47,  92
48,  73
49,  221
50,  55
51,  31
52,  132
53,  228
54,  230
55,  202
56,  197
57,  160
58,  27
59,  127
60,  236
61,  112
62,  13
63,  75
64,  211
65,  66
66,  219
67,  91
68,  77
69,  173
70,  112
71,  216
72,  100
73,  61
74,  217
75,  224
76,  153
77,  180
78,  52
79,  151
80,  140
81,  69
82,  131
83,  147
84,  249
85,  235
86,  217
87,  98
88,  132
89,  164
90,  92
91,  184
92,  61
93,  64
94,  47
95,  184
96,  193
97,  75
98,  67
99,  175
100,  41
101,  64
102,  129
103,  165
104,  243
105,  89
106,  103
107,  110
108,  185
109,  51
110,  82
111,  150
112,  163
113,  184
114,  37
115,  192
116,  229
117,  229
118,  90
119,  198
120,  50
121,  236
122,  142
123,  209
124,  242
125,  222
126,  20
127,  36
128,  144
129,  128
130,  155
131,  197
132,  55
133,  96
134,  144
135,  126
136,  101
137,  222
138,  246
139,  43
140,  38
141,  63
142,  153
143,  191
144,  112
145,  173
146,  184
147,  197
148,  128
149,  155
150,  254
151,  212
152,  157
153,  111
154,  78
155,  230
156,  108
157,  68
158,  226
159,  218
160,  10
161,  155
162,  193
163,  246
164,  192
165,  22
166,  248
167,  172
168,  184
169,  180
170,  63
171,  34
172,  150
173,  202
174,  173
175,  218
176,  70
177,  145
178,  205
179,  137
180,  10
181,  70
182,  8
183,  166
184,  115
185,  58
186,  200
187,  222
188,  79
189,  207
190,  161
191,  8
192,  55
193,  197
194,  101
195,  249
196,  121
197,  214
198,  212
199,  204
200,  153
201,  118
202,  103
203,  214
204,  55
205,  5
206,  114
207,  75
208,  67
209,  150
210,  241
211,  162
212,  191
213,  188
214,  246
215,  194
216,  171
217,  182
218,  88
219,  167
220,  88
221,  169
222,  204
223,  124
224,  33
225,  141
226,  244
227,  162
228,  86
229,  249
230,  236
231,  115
232,  213
233,  17
234,  111
235,  14
236,  70
237,  55
238,  162
239,  1
240,  239
241,  101
242,  133
243,  220
244,  184
245,  245
246,  84
247,  101
248,  49
249,  21
250,  225
251,  190
252,  93
253,  80
254,  177
255,  200
256,  117
257,  73
258,  188
259,  46
260,  108
261,  55
262,  6
263,  84
264,  110
265,  66
266,  227
267,  152
268,  104
269,  45
270,  234
271,  151
272,  250
273,  48
274,  24
275,  15
276,  27
277,  67
278,  194
279,  130
280,  54
281,  9
282,  81
283,  167
284,  105
285,  212
286,  227
287,  77
288,  70
289,  164
290,  41
291,  12
292,  74
293,  216
294,  73
295,  82
296,  2
297,  13
298,  61
299,  242
300,  152
301,  136
302,  85
303,  156
304,  197
305,  218
306,  160
307,  153
308,  44
309,  162
310,  240
311,  16
312,  59
313,  167
314,  135
315,  58
316,  125
317,  221
318,  122
319,  97
320,  254
321,  112
322,  84
323,  107
324,  77
325,  85
326,  82
327,  135
328,  245
329,  107
330,  33
331,  186
332,  171
333,  14
334,  240
335,  158
336,  2
337,  16
338,  8
339,  2
340,  52
341,  162
342,  191
343,  251
344,  221
345,  98
346,  73
347,  197
348,  103
349,  216
350,  160
351,  251
352,  56
353,  157
354,  199
355,  0
356,  237
357,  216
358,  87
359,  26
360,  116
361,  88
362,  55
363,  239
364,  73
365,  181
366,  78
367,  109
368,  116
369,  170
370,  240
371,  212
372,  238
373,  84
374,  148
375,  208
376,  23
377,  195
378,  116
379,  75
380,  114
381,  27
382,  217
383,  39
384,  0
385,  76
386,  67
387,  110
388,  199
389,  212
390,  196
391,  205
392,  66
393,  243
394,  190
395,  127
396,  228
397,  119
398,  18
399,  195
400,  6
401,  249
402,  63
403,  43
404,  79
405,  248
406,  157
407,  221
408,  193
409,  243
410,  239
411,  183
412,  110
413,  143
414,  67
415,  210
416,  67
417,  173
418,  240
419,  162
420,  132
421,  231
422,  138
423,  134
424,  248
425,  97
426,  103
427,  113
428,  218
429,  56
430,  251
431,  102
432,  173
433,  55
434,  110
435,  52
436,  70
437,  207
438,  20
439,  217
440,  75
441,  33
442,  156
443,  42
444,  35
445,  220
446,  98
447,  131
448,  239
449,  224
450,  68
451,  141
452,  49
453,  105
454,  176
455,  251
456,  53
457,  101
458,  197
459,  77
460,  218
461,  142
462,  126
463,  52
464,  41
465,  55
466,  211
467,  166
468,  234
469,  151
470,  30
471,  179
472,  249
473,  245
474,  30
475,  71
476,  22
477,  63
478,  69
479,  142
480,  157
481,  140
482,  161
483,  112
484,  12
485,  84
486,  135
487,  176
488,  7
489,  248
490,  91
491,  103
492,  123
493,  213
494,  18
495,  54
496,  64
497,  55
498,  49
499,  15
500,  2
501,  245
502,  135
503,  242
504,  233
505,  192
506,  59
507,  47
508,  70
509,  208
510,  220
511,  50
512,  151
513,  128
514,  49
515,  155
516,  153
517,  84
518,  158
519,  167
520,  42
521,  245
522,  89
523,  250
524,  74
525,  40
526,  144
527,  100
528,  230
529,  33
530,  19
531,  130
532,  45
533,  48
534,  55
535,  67
536,  174
537,  47
538,  57
539,  233
540,  230
541,  246
542,  68
543,  150
544,  176
545,  95
546,  145
547,  46
548,  108
549,  186
550,  83
551,  184
552,  213
553,  92
554,  83
555,  98
556,  254
557,  215
558,  238
559,  198
560,  83
561,  67
562,  3
563,  0
564,  105
565,  34
566,  160
567,  168
568,  187
569,  9
570,  155
571,  141
572,  247
573,  198
574,  189
575,  145
576,  67
577,  102
578,  102
579,  61
580,  19
581,  178
582,  75
583,  51
584,  156
585,  176
586,  222
587,  185
588,  25
589,  32
590,  117
591,  69
592,  168
593,  248
594,  53
595,  183
596,  31
597,  167
598,  129
599,  93
600,  173
601,  178
602,  117
603,  188
604,  101
605,  57
606,  150
607,  134
608,  226
609,  61
610,  55
611,  210
612,  237
613,  239
614,  88
615,  73
616,  225
617,  159
618,  153
619,  175
620,  254
621,  36
622,  102
623,  133
624,  51
625,  205
626,  74
627,  59
628,  13
629,  209
630,  165
631,  157
632,  180
633,  31
634,  124
635,  205
636,  207
637,  253
638,  73
639,  57
640,  65
641,  84
642,  79
643,  73
644,  179
645,  45
646,  230
647,  82
648,  223
649,  138
650,  163
651,  184
652,  44
653,  20
654,  74
655,  149
656,  44
657,  185
658,  174
659,  231
660,  149
661,  55
662,  240
663,  36
664,  205
665,  96
666,  196
667,  252
668,  134
669,  201
670,  231
671,  107
672,  157
673,  246
674,  143
675,  85
676,  28
677,  113
678,  121
679,  222
680,  41
681,  111
682,  148
683,  219
684,  230
685,  20
686,  197
687,  38
688,  170
689,  72
690,  205
691,  217
692,  154
693,  238
694,  217
695,  6
696,  230
697,  246
698,  73
699,  19
700,  98
701,  171
702,  213
703,  170
704,  115
705,  40
706,  41
707,  153
708,  146
709,  225
710,  196
711,  85
712,  28
713,  218
714,  218
715,  171
716,  124
717,  65
718,  73
719,  186
720,  132
721,  72
722,  104
723,  89
724,  135
725,  7
726,  14
727,  62
728,  46
729,  3
730,  64
731,  53
732,  159
733,  137
734,  193
735,  35
736,  217
737,  94
738,  197
739,  153
740,  49
741,  203
742,  193
743,  226
744,  234
745,  171
746,  218
747,  67
748,  250
749,  185
750,  5
751,  218
752,  101
753,  200
754,  110
755,  24
756,  104
757,  212
758,  130
759,  231
760,  174
761,  17
762,  80
763,  49
764,  91
765,  249
766,  103
767,  39
768,  179
769,  36
770,  147
771,  72
772,  195
773,  12
774,  88
775,  212
776,  250
777,  139
778,  128
779,  181
780,  51
781,  102
782,  85
783,  115
784,  177
785,  133
786,  221
787,  30
788,  156
789,  129
790,  202
791,  157
792,  213
793,  176
794,  92
795,  94
796,  9
797,  206
798,  251
799,  24
800,  248
801,  135
802,  11
803,  184
804,  245
805,  202
806,  122
807,  15
808,  179
809,  10
810,  90
811,  249
812,  84
813,  167
814,  57
815,  190
816,  242
817,  75
818,  4
819,  77
820,  100
821,  180
822,  41
823,  250
824,  182
825,  217
826,  226
827,  242
828,  213
829,  215
830,  56
831,  220
832,  228
833,  208
834,  223
835,  125
836,  236
837,  224
838,  120
839,  54
840,  197
841,  26
842,  12
843,  92
844,  129
845,  78
846,  67
847,  192
848,  228
849,  153
850,  61
851,  213
852,  181
853,  189
854,  69
855,  141
856,  38
857,  80
858,  8
859,  55
860,  25
861,  76
862,  234
863,  228
864,  213
865,  105
866,  90
867,  176
868,  233
869,  229
870,  5
871,  146
872,  47
873,  112
874,  240
875,  109
876,  61
877,  81
878,  92
879,  83
880,  123
881,  119
882,  184
883,  27
884,  99
885,  81
886,  22
887,  213
888,  219
889,  232
890,  168
891,  82
892,  52
893,  192
894,  107
895,  37
896,  54
897,  242
898,  82
899,  221
900,  251
901,  57
902,  114
903,  213
904,  92
905,  193
906,  81
907,  153
908,  178
909,  111
910,  147
911,  104
912,  11
913,  227
914,  1
915,  56
916,  218
917,  17
918,  137
919,  77
920,  47
921,  121
922,  92
923,  211
924,  21
925,  186
926,  92
927,  249
928,  227
929,  72
930,  119
931,  205
932,  75
933,  100
934,  56
935,  60
936,  84
937,  165
938,  185
939,  47
940,  48
941,  139
942,  69
943,  188
944,  213
945,  157
946,  240
947,  91
948,  118
949,  58
950,  234
951,  139
952,  203
953,  91
954,  112
955,  118
956,  187
957,  252
958,  105
959,  216
960,  62
961,  234
962,  129
963,  101
964,  118
965,  244
966,  252
967,  201
968,  23
969,  247
970,  166
971,  241
972,  87
973,  22
974,  106
975,  206
976,  148
977,  76
978,  93
979,  125
980,  42
981,  254
982,  235
983,  28
984,  231
985,  214
986,  203
987,  225
988,  255
989,  218
990,  98
991,  150
992,  99
993,  231
994,  169
995,  106
996,  85
997,  56
998,  120
999,  208
1000,  114
1001,  190
1002,  184
1003,  255
1004,  215
1005,  244
1006,  254
1007,  210
1008,  17
1009,  231
1010,  78
1011,  180
1012,  215
1013,  87
1014,  146
1015,  149
1016,  96
1017,  255
1018,  213
1019,  48
1020,  110
1021,  242
1022,  85
1023,  154
1024,  226
1025,  165
1026,  192
1027,  102
1028,  71
1029,  183
1030,  64
1031,  100
1032,  4
1033,  30
1034,  48
1035,  115
1036,  70
1037,  254
1038,  232
1039,  101
1040,  98
1041,  133
1042,  158
1043,  251
1044,  88
1045,  153
1046,  112
1047,  134
1048,  23
1049,  143
1050,  250
1051,  94
1052,  226
1053,  112
1054,  5
1055,  197
1056,  136
1057,  101
1058,  112
1059,  35
1060,  246
1061,  135
1062,  88
1063,  221
1064,  182
1065,  95
1066,  82
1067,  84
1068,  82
1069,  39
1070,  157
1071,  104
1072,  224
1073,  182
1074,  121
1075,  175
1076,  110
1077,  221
1078,  29
1079,  248
1080,  172
1081,  222
1082,  61
1083,  220
1084,  83
1085,  249
1086,  138
1087,  171
1088,  222
1089,  85
1090,  122
1091,  123
1092,  237
1093,  126
1094,  110
1095,  66
1096,  231
