0 0
1 0
2 1
3 1
4 1
5 1
6 2
7 2
8 2
9 3
10 3
11 4
12 4
13 4
14 5
15 5
16 5
17 5
18 6
19 6
20 6
21 7
22 7
23 8
24 8
25 8
26 9
27 9
28 9
29 9
30 10
31 10
32 10
33 11
34 11
35 12
36 12
37 12
38 12
39 13
40 13
41 13
42 14
43 14
44 14
45 15
46 15
47 15
48 16
49 16
50 16
51 17
52 17
53 17
54 18
55 18
56 18
57 19
58 19
59 20
60 20
61 20
62 21
63 21
64 21
65 21
66 22
67 22
68 23
69 23
70 23
71 24
72 24
73 24
74 25
75 25
76 25
77 25
78 26
79 26
80 26
81 27
82 27
83 27
84 28
85 28
86 28
87 29
88 29
89 30
90 30
91 30
92 30
93 31
94 31
95 31
96 32
97 32
98 33
99 33
100 33
101 34
102 34
103 34
104 34
105 35
106 35
107 36
108 36
109 36
110 36
111 37
112 37
113 38
114 38
115 38
116 38
117 39
118 39
119 39
120 40
121 40
122 40
123 41
124 41
125 41
126 42
127 42
128 43
129 43
130 43
131 43
132 44
133 44
134 45
135 45
136 45
137 46
138 46
139 46
140 47
141 47
142 47
143 47
144 48
145 48
146 48
147 49
148 49
149 50
150 50
151 50
152 50
153 51
154 51
155 51
156 52
157 52
158 52
159 53
160 53
161 53
162 54
163 54
164 54
165 55
166 55
167 56
168 56
169 56
170 57
171 57
172 57
173 57
174 58
175 58
176 59
177 59
178 59
179 59
180 60
181 60
182 60
183 61
184 61
185 61
186 62
187 62
188 63
189 63
190 63
191 63
192 64
193 64
194 65
195 65
196 65
197 66
198 66
199 66
200 66
201 67
202 67
203 67
204 68
205 68
206 68
207 69
208 69
209 69
210 70
211 70
212 70
213 71
214 71
215 71
216 72
217 72
218 73
219 73
220 73
221 74
222 74
223 74
224 74
225 75
226 75
227 75
228 76
229 76
230 77
231 77
232 77
233 78
234 78
235 78
236 78
237 79
238 79
239 79
240 80
241 80
242 80
243 81
244 81
245 81
246 82
247 82
248 82
249 83
250 83
251 83
252 84
253 84
254 84
255 85
256 85
257 86
258 86
259 86
260 87
261 87
262 87
263 88
264 88
265 88
266 89
267 89
268 89
269 89
270 90
271 90
272 90
273 91
274 91
275 92
276 92
277 92
278 93
279 93
280 93
281 93
282 94
283 94
284 94
285 95
286 95
287 95
288 96
289 96
290 97
291 97
292 97
293 97
294 98
295 98
296 98
297 99
298 99
299 99
300 100
301 100
302 100
303 101
304 101
305 101
306 102
307 102
308 103
309 103
310 103
311 104
312 104
313 104
314 104
315 105
316 105
317 106
318 106
319 106
320 106
321 107
322 107
323 107
324 108
325 108
326 108
327 109
328 109
329 110
330 110
331 110
332 111
333 111
334 111
335 111
336 112
337 112
338 112
339 113
340 113
341 114
342 114
343 114
344 114
345 115
346 115
347 115
348 116
349 116
350 116
351 117
352 117
353 117
354 118
355 118
356 119
357 119
358 119
359 120
360 120
361 120
362 120
363 121
364 121
365 122
366 122
367 122
368 123
369 123
370 123
371 123
372 124
373 124
374 124
375 125
376 125
377 125
378 126
379 126
380 126
381 127
382 127
383 128
384 128
385 128
386 128
387 129
388 129
389 129
390 130
391 130
392 131
393 131
394 131
395 131
396 132
397 132
398 132
399 133
400 133
401 133
402 134
403 134
404 134
405 135
406 135
407 136
408 136
409 136
410 136
411 137
412 137
413 138
414 138
415 138
416 139
417 139
418 139
419 140
420 140
421 140
422 141
423 141
424 141
425 142
426 142
427 142
428 142
429 143
430 143
431 143
432 144
433 144
434 145
435 145
436 145
437 145
438 146
439 146
440 147
441 147
442 147
443 147
444 148
445 148
446 148
447 149
448 149
449 149
450 150
451 150
452 151
453 151
454 151
455 151
456 152
457 152
458 152
459 153
460 153
461 153
462 154
463 154
464 154
465 155
466 155
467 155
468 156
469 156
470 156
471 157
472 157
473 158
474 158
475 158
476 158
477 159
478 159
479 160
480 160
481 160
482 160
483 161
484 161
485 162
486 162
487 162
488 163
489 163
490 163
491 163
492 164
493 164
494 165
495 165
496 165
497 166
498 166
499 166
500 167
501 167
502 167
503 167
504 168
505 168
506 168
507 169
508 169
509 169
510 170
511 170
512 170
513 171
514 171
515 171
516 172
517 172
518 172
519 173
520 173
521 174
522 174
523 174
524 174
525 175
526 175
527 175
528 176
529 176
530 177
531 177
532 177
533 177
534 178
535 178
536 179
537 179
538 179
539 179
540 180
541 180
542 180
543 181
544 181
545 181
546 182
547 182
548 182
549 183
550 183
551 184
552 184
553 184
554 184
555 185
556 185
557 186
558 186
559 186
560 187
561 187
562 187
563 187
564 188
565 188
566 189
567 189
568 189
569 189
570 190
571 190
572 191
573 191
574 191
575 191
576 192
577 192
578 193
579 193
580 193
581 194
582 194
583 194
584 195
585 195
586 195
587 195
588 196
589 196
590 196
591 197
592 197
593 197
594 198
595 198
596 199
597 199
598 199
599 199
600 200
601 200
602 200
603 200
604 200
605 200
606 200
607 200
608 200
609 200
610 200
611 200
612 200
613 200
614 200
615 200
616 200
617 200
618 200
619 200
620 200
621 200
622 200
623 200
624 200
625 200
626 200
627 200
628 200
629 200
630 200
631 200
632 200
633 200
634 200
635 200
636 200
637 200
638 200
639 200
640 200
641 200
642 200
643 200
644 200
645 200
646 200
647 200
648 200
649 200
650 200
651 200
652 200
653 200
654 200
655 200
656 200
657 200
658 200
659 200
660 200
661 200
662 200
663 200
664 200
665 200
666 200
667 200
668 200
669 200
670 200
671 200
672 200
673 200
674 200
675 200
676 200
677 200
678 200
679 200
680 200
681 200
682 200
683 200
684 200
685 200
686 200
687 200
688 200
689 200
690 200
691 200
692 200
693 200
694 200
695 200
696 200
697 200
698 200
699 200
700 200
701 200
702 200
703 200
704 200
705 200
706 200
707 200
708 200
709 200
710 200
711 200
712 200
713 200
714 200
715 200
716 200
717 200
718 200
719 200
720 200
721 200
722 200
723 200
724 200
725 200
726 200
727 200
728 200
729 200
730 200
731 200
732 200
733 200
734 200
735 200
736 200
737 200
738 200
739 200
740 200
741 200
742 200
743 200
744 200
745 200
746 200
747 200
748 200
749 200
750 200
751 200
752 200
753 200
754 200
755 200
756 200
757 200
758 200
759 200
760 200
761 200
762 200
763 200
764 200
765 200
766 200
767 200
768 200
769 200
770 200
771 200
772 200
773 200
774 200
775 200
776 200
777 200
778 200
779 200
780 200
781 200
782 200
783 200
784 200
785 200
786 200
787 200
788 200
789 200
790 200
791 200
792 200
793 200
794 200
795 200
796 200
797 200
798 200
799 200
800 200
801 200
802 200
803 200
804 200
805 200
806 200
807 200
808 200
809 200
810 200
811 200
812 200
813 200
814 200
815 200
816 200
817 200
818 200
819 200
820 200
821 200
822 200
823 200
794 200
795 200
796 200
797 200
798 200
799 200
800 200
801 200
802 200
803 200
804 200
805 200
806 200
807 200
808 200
809 200
810 200
811 200
812 200
813 200
814 200
815 200
816 200
817 200
818 200
819 200
820 200
821 200
822 200
823 200
794 200
795 200
796 200
797 200
798 200
799 200
800 200
801 200
802 200
803 200
804 200
805 200
806 200
807 200
808 200
809 200
810 200
811 200
812 200
813 200
814 200
815 200
816 200
817 200
818 200
819 200
820 200
821 200
822 200
823 200
794 200
795 200
796 200
797 200
798 200
799 200
800 200
801 200
802 200
803 200
804 200
805 200
806 200
807 200
808 200
809 200
810 200
811 200
812 200
813 200
814 200
815 200
816 200
817 200
818 200
819 200
820 200
821 200
822 200
823 200
794 200
795 200
796 200
797 200
798 200
799 200
800 200
801 200
802 200
803 200
804 200
805 200
806 200
807 200
808 200
809 200
810 200
811 200
812 200
813 200
814 200
815 200
816 200
817 200
818 200
819 200
820 200
821 200
822 200
823 200
794 200
795 200
796 200
797 200
798 200
799 200
800 200
801 200
802 200
803 200
804 200
805 200
806 200
807 200
808 200
809 200
810 200
811 200
812 200
813 200
814 200
815 200
816 200
817 200
818 200
819 200
820 200
821 200
822 200
823 200
794 200
795 200
796 200
797 200
798 200
799 200
800 200
801 200
802 200
803 200
804 200
805 200
806 200
807 200
808 200
809 200
810 200
811 200
812 200
813 200
814 200
815 200
816 200
817 200
818 200
819 200
820 200
821 200
822 200
823 200
794 200
795 200
796 200
797 200
798 200
799 200
800 200
801 200
802 200
803 200
804 200
805 200
806 200
807 200
808 200
809 200
810 200
811 200
812 200
813 200
814 200
815 200
816 200
817 200
818 200
819 200
820 200
821 200
822 200
823 200
794 200
795 200
796 200
797 200
798 200
799 200
800 200
801 200
802 200
803 200
804 200
805 200
806 200
807 200
808 200
809 200
810 200
811 200
812 200
813 200
814 200
815 200
816 200
817 200
818 200
819 200
820 200
821 200
822 200
823 200
794 200
795 200
796 200
797 200
798 200
799 200
800 200
801 200
802 200
803 200
804 200
805 200
806 200
807 200
808 200
809 200
810 200
811 200
812 200
813 200
814 200
815 200
816 200
817 200
818 200
819 200
820 200
821 200
822 200
823 200
