0 0.00
1 0.00
2 0.00
3 0.00
4 0.00
5 0.00
6 0.00
7 0.00
8 0.00
9 0.00
10 0.00
11 0.00
12 0.00
13 0.00
14 0.00
15 0.00
16 0.00
17 0.00
18 0.00
19 0.00
20 0.00
21 0.00
22 0.00
23 0.00
24 0.00
25 0.00
26 0.00
27 0.00
28 0.00
29 0.00
30 0.00
31 0.00
32 0.00
33 0.00
34 0.00
35 0.00
36 0.00
37 0.00
38 0.00
39 0.00
40 0.00
41 0.00
42 0.00
43 0.00
44 0.00
45 0.00
46 0.00
47 0.00
48 0.00
49 0.00
50 0.00
51 0.00
52 0.00
53 0.00
54 0.00
55 0.00
56 0.00
57 0.00
58 0.00
59 0.00
60 0.00
61 0.00
62 0.00
63 0.00
64 0.00
65 0.00
66 0.00
67 0.00
68 0.00
69 0.00
70 0.00
71 0.00
72 0.00
73 0.00
74 0.00
75 0.00
76 0.00
77 0.00
78 0.00
79 0.00
80 0.00
81 0.00
82 0.00
83 0.00
84 20.00
85 60.00
86 100.00
87 133.33
88 166.67
89 193.33
90 286.67
91 313.33
92 333.33
93 346.67
94 346.67
95 346.67
96 380.00
97 366.67
98 366.67
99 373.33
100 380.00
101 380.00
102 413.33
103 413.33
104 420.00
105 426.67
106 420.00
107 426.67
108 460.00
109 446.67
110 453.33
111 473.33
112 466.67
113 466.67
114 480.00
115 480.00
116 486.67
117 493.33
118 500.00
119 493.33
120 506.67
121 506.67
122 513.33
123 526.67
124 526.67
125 520.00
126 546.67
127 540.00
128 540.00
129 546.67
130 546.67
131 566.67
132 573.33
133 573.33
134 560.00
135 580.00
136 586.67
137 580.00
138 586.67
139 580.00
140 606.67
141 600.00
142 606.67
143 606.67
144 606.67
145 613.33
146 620.00
147 626.67
148 626.67
149 626.67
150 633.33
151 640.00
152 633.33
153 653.33
154 660.00
155 640.00
156 653.33
157 666.67
158 660.00
159 660.00
160 660.00
161 666.67
162 680.00
163 680.00
164 680.00
165 680.00
166 693.33
167 686.67
168 706.67
169 693.33
170 706.67
171 713.33
172 713.33
173 700.00
174 720.00
175 720.00
176 726.67
177 733.33
178 720.00
179 720.00
180 740.00
181 740.00
182 753.33
183 740.00
184 746.67
185 733.33
186 740.00
187 753.33
188 760.00
189 746.67
190 760.00
191 766.67
192 773.33
193 760.00
194 780.00
195 773.33
196 773.33
197 780.00
198 780.00
199 786.67
200 780.00
201 786.67
202 806.67
203 766.67
204 800.00
205 780.00
206 793.33
207 820.00
208 800.00
209 806.67
210 820.00
211 813.33
212 793.33
213 826.67
214 840.00
215 813.33
216 846.67
217 820.00
218 833.33
219 833.33
220 826.67
221 846.67
222 846.67
223 840.00
224 826.67
225 833.33
226 853.33
227 853.33
228 866.67
229 873.33
230 833.33
231 886.67
232 860.00
233 880.00
234 893.33
235 853.33
236 873.33
237 886.67
238 900.00
239 880.00
240 860.00
241 873.33
242 880.00
243 893.33
244 893.33
245 893.33
246 913.33
247 900.00
248 906.67
249 920.00
250 900.00
251 900.00
252 913.33
253 920.00
254 913.33
255 940.00
256 920.00
257 920.00
258 946.67
259 940.00
260 940.00
261 953.33
262 940.00
263 946.67
264 953.33
265 946.67
266 940.00
267 953.33
268 973.33
269 946.67
270 960.00
271 960.00
272 966.67
273 973.33
274 980.00
275 986.67
276 993.33
277 980.00
278 960.00
279 973.33
280 993.33
281 980.00
282 1000.00
283 1013.33
284 1006.67
285 1026.67
286 1013.33
287 993.33
288 1000.00
289 1006.67
290 1000.00
291 1053.33
292 1013.33
293 1040.00
294 1006.67
295 1033.33
296 1026.67
297 1040.00
298 1020.00
299 1040.00
300 1033.33
301 1020.00
302 1033.33
303 1060.00
304 1046.67
305 1046.67
306 1060.00
307 1060.00
308 1046.67
309 1073.33
310 1086.67
311 1093.33
312 1126.67
313 1073.33
314 1073.33
315 1060.00
316 1073.33
317 1080.00
318 1120.00
319 1100.00
320 1106.67
321 1086.67
322 1113.33
323 1106.67
324 1113.33
325 1126.67
326 1120.00
327 1113.33
328 1106.67
329 1120.00
330 1106.67
331 1133.33
332 1113.33
333 1106.67
334 1106.67
335 1100.00
336 1140.00
337 1146.67
338 1153.33
339 1146.67
340 1153.33
341 1140.00
342 1173.33
343 1153.33
344 1146.67
345 1160.00
346 1180.00
347 1160.00
348 1180.00
349 1173.33
350 1166.67
351 1193.33
352 1180.00
353 1186.67
354 1153.33
355 1166.67
356 1160.00
357 1180.00
358 1180.00
359 1206.67
360 1193.33
361 1200.00
362 1186.67
363 1220.00
364 1213.33
365 1186.67
366 1233.33
367 1213.33
368 1180.00
369 1200.00
370 1220.00
371 1200.00
372 1233.33
373 1206.67
374 1220.00
375 1240.00
376 1220.00
377 1226.67
378 1220.00
379 1213.33
380 1233.33
381 1246.67
382 1213.33
383 1240.00
384 1253.33
385 1253.33
386 1260.00
387 1233.33
388 1253.33
389 1260.00
390 1266.67
391 1253.33
392 1240.00
393 1253.33
394 1260.00
395 1260.00
396 1273.33
397 1286.67
398 1293.33
399 1280.00
400 1280.00
401 1260.00
402 1280.00
403 1280.00
404 1266.67
405 1293.33
406 1306.67
407 1300.00
408 1306.67
409 1300.00
410 1306.67
411 1313.33
412 1313.33
413 1313.33
414 1340.00
415 1313.33
416 1366.67
417 1326.67
418 1326.67
419 1300.00
420 1326.67
421 1340.00
422 1313.33
423 1346.67
424 1326.67
425 1333.33
426 1340.00
427 1333.33
428 1333.33
429 1346.67
430 1340.00
431 1360.00
432 1353.33
433 1366.67
434 1360.00
435 1360.00
436 1353.33
437 1373.33
438 1333.33
439 1373.33
440 1346.67
441 1366.67
442 1373.33
443 1353.33
444 1353.33
445 1360.00
446 1373.33
447 1373.33
448 1373.33
449 1386.67
450 1400.00
451 1386.67
452 1380.00
453 1400.00
454 1386.67
455 1386.67
456 1380.00
457 1413.33
458 1420.00
459 1406.67
460 1406.67
461 1386.67
462 1393.33
463 1400.00
464 1386.67
465 1406.67
466 1406.67
467 1393.33
468 1400.00
469 1426.67
470 1406.67
471 1433.33
472 1433.33
473 1426.67
474 1446.67
475 1446.67
476 1453.33
477 1453.33
478 1460.00
479 1433.33
480 1426.67
481 1406.67
482 1460.00
483 1446.67
484 1453.33
485 1460.00
486 1440.00
487 1453.33
488 1433.33
489 1460.00
490 1420.00
491 1440.00
492 1460.00
493 1466.67
494 1460.00
495 1486.67
496 1440.00
497 1473.33
498 1460.00
499 1460.00
500 1486.67
501 1453.33
502 1480.00
503 1480.00
504 1460.00
505 1500.00
506 1486.67
507 1486.67
508 1486.67
509 1466.67
510 1486.67
511 1493.33
512 1500.00
513 1486.67
514 1506.67
515 1506.67
516 1500.00
517 1513.33
518 1513.33
519 1506.67
520 1520.00
521 1526.67
522 1533.33
523 1526.67
524 1500.00
525 1533.33
526 1520.00
527 1520.00
528 1533.33
529 1533.33
530 1526.67
531 1520.00
532 1506.67
533 1526.67
534 1520.00
535 1526.67
536 1513.33
537 1526.67
538 1526.67
539 1533.33
540 1540.00
541 1526.67
542 1540.00
543 1553.33
544 1553.33
545 1546.67
546 1533.33
547 1533.33
548 1533.33
549 1546.67
550 1540.00
551 1540.00
552 1560.00
553 1540.00
554 1573.33
555 1553.33
556 1566.67
557 1560.00
558 1566.67
559 1573.33
560 1566.67
561 1560.00
562 1566.67
563 1566.67
564 1573.33
565 1573.33
566 1573.33
567 1580.00
568 1573.33
569 1566.67
570 1573.33
571 1566.67
572 1586.67
573 1566.67
574 1580.00
575 1566.67
576 1566.67
577 1573.33
578 1586.67
579 1580.00
580 1566.67
581 1586.67
582 1593.33
583 1586.67
584 1580.00
585 1593.33
586 1600.00
587 1600.00
588 1613.33
589 1593.33
590 1606.67
591 1613.33
592 1600.00
593 1593.33
594 1606.67
595 1600.00
596 1606.67
597 1606.67
598 1613.33
599 1613.33
600 1620.00
601 1606.67
602 1633.33
603 1553.33
604 1653.33
605 1660.00
606 1673.33
607 1673.33
608 1680.00
609 1666.67
610 1673.33
611 1686.67
612 1686.67
613 1666.67
614 1680.00
615 1660.00
616 1666.67
617 1660.00
618 1673.33
619 1660.00
620 1653.33
621 1660.00
622 1680.00
623 1680.00
624 1666.67
625 1666.67
626 1660.00
627 1673.33
628 1666.67
629 1660.00
630 1686.67
631 1680.00
632 1666.67
633 1673.33
634 1680.00
635 1660.00
636 1686.67
637 1680.00
638 1680.00
639 1673.33
640 1660.00
641 1660.00
642 1680.00
643 1673.33
644 1673.33
645 1673.33
646 1666.67
647 1680.00
648 1680.00
649 1673.33
650 1673.33
651 1673.33
652 1673.33
653 1673.33
654 1686.67
655 1666.67
656 1660.00
657 1666.67
658 1680.00
659 1686.67
660 1673.33
661 1666.67
662 1653.33
663 1673.33
664 1693.33
665 1700.00
666 1680.00
667 1673.33
668 1673.33
669 1680.00
670 1673.33
671 1680.00
672 1680.00
673 1686.67
674 1666.67
675 1700.00
676 1680.00
677 1686.67
678 1686.67
679 1680.00
680 1693.33
681 1686.67
682 1680.00
683 1680.00
684 1680.00
685 1680.00
686 1686.67
687 1673.33
688 1686.67
689 1673.33
690 1686.67
691 1673.33
692 1666.67
693 1673.33
694 1680.00
695 1666.67
696 1680.00
697 1680.00
698 1673.33
699 1680.00
700 1666.67
701 1666.67
702 1673.33
703 1653.33
704 1666.67
705 1660.00
706 1673.33
707 1653.33
708 1660.00
709 1673.33
710 1666.67
711 1680.00
712 1666.67
713 1660.00
714 1666.67
715 1666.67
716 1653.33
717 1660.00
718 1666.67
719 1660.00
720 1660.00
721 1646.67
722 1673.33
723 1673.33
724 1673.33
725 1660.00
726 1666.67
727 1673.33
728 1666.67
729 1673.33
730 1666.67
731 1666.67
732 1680.00
733 1666.67
734 1680.00
735 1680.00
736 1666.67
737 1660.00
738 1680.00
739 1673.33
740 1660.00
741 1673.33
742 1666.67
743 1666.67
744 1666.67
745 1646.67
746 1653.33
747 1646.67
748 1660.00
749 1666.67
750 1646.67
751 1660.00
752 1653.33
753 1653.33
754 1633.33
755 1666.67
756 1653.33
757 1653.33
758 1666.67
759 1666.67
760 1660.00
761 1653.33
762 1660.00
763 1666.67
764 1673.33
765 1666.67
766 1653.33
767 1666.67
768 1653.33
769 1646.67
770 1653.33
771 1666.67
772 1660.00
773 1653.33
774 1666.67
775 1660.00
776 1666.67
777 1666.67
778 1666.67
779 1673.33
780 1660.00
781 1666.67
782 1666.67
783 1673.33
784 1673.33
785 1673.33
786 1673.33
787 1673.33
788 1673.33
789 1673.33
790 1666.67
791 1673.33
792 1673.33
793 1693.33
794 1673.33
795 1666.67
796 1653.33
797 1666.67
798 1653.33
799 1646.67
800 1653.33
801 1666.67
802 1660.00
803 1653.33
804 1666.67
805 1660.00
806 1666.67
807 1666.67
808 1666.67
809 1673.33
810 1660.00
811 1666.67
812 1666.67
813 1673.33
814 1673.33
815 1673.33
816 1673.33
817 1673.33
818 1673.33
819 1673.33
820 1666.67
821 1673.33
822 1673.33
823 1693.33
794 1673.33
795 1666.67
796 1653.33
797 1666.67
798 1653.33
799 1646.67
800 1653.33
801 1666.67
802 1660.00
803 1653.33
804 1666.67
805 1660.00
806 1666.67
807 1666.67
808 1666.67
809 1673.33
810 1660.00
811 1666.67
812 1666.67
813 1673.33
814 1673.33
815 1673.33
816 1673.33
817 1673.33
818 1673.33
819 1673.33
820 1666.67
821 1673.33
822 1673.33
823 1693.33
794 1673.33
795 1666.67
796 1653.33
797 1666.67
798 1653.33
799 1646.67
800 1653.33
801 1666.67
802 1660.00
803 1653.33
804 1666.67
805 1660.00
806 1666.67
807 1666.67
808 1666.67
809 1673.33
810 1660.00
811 1666.67
812 1666.67
813 1673.33
814 1673.33
815 1673.33
816 1673.33
817 1673.33
818 1673.33
819 1673.33
820 1666.67
821 1673.33
822 1673.33
823 1693.33
794 1673.33
795 1666.67
796 1653.33
797 1666.67
798 1653.33
799 1646.67
800 1653.33
801 1666.67
802 1660.00
803 1653.33
804 1666.67
805 1660.00
806 1666.67
807 1666.67
808 1666.67
809 1673.33
810 1660.00
811 1666.67
812 1666.67
813 1673.33
814 1673.33
815 1673.33
816 1673.33
817 1673.33
818 1673.33
819 1673.33
820 1666.67
821 1673.33
822 1673.33
823 1693.33
794 1673.33
795 1666.67
796 1653.33
797 1666.67
798 1653.33
799 1646.67
800 1653.33
801 1666.67
802 1660.00
803 1653.33
804 1666.67
805 1660.00
806 1666.67
807 1666.67
808 1666.67
809 1673.33
810 1660.00
811 1666.67
812 1666.67
813 1673.33
814 1673.33
815 1673.33
816 1673.33
817 1673.33
818 1673.33
819 1673.33
820 1666.67
821 1673.33
822 1673.33
823 1693.33
794 1673.33
795 1666.67
796 1653.33
797 1666.67
798 1653.33
799 1646.67
800 1653.33
801 1666.67
802 1660.00
803 1653.33
804 1666.67
805 1660.00
806 1666.67
807 1666.67
808 1666.67
809 1673.33
810 1660.00
811 1666.67
812 1666.67
813 1673.33
814 1673.33
815 1673.33
816 1673.33
817 1673.33
818 1673.33
819 1673.33
820 1666.67
821 1673.33
822 1673.33
823 1693.33
794 1673.33
795 1666.67
796 1653.33
797 1666.67
798 1653.33
799 1646.67
800 1653.33
801 1666.67
802 1660.00
803 1653.33
804 1666.67
805 1660.00
806 1666.67
807 1666.67
808 1666.67
809 1673.33
810 1660.00
811 1666.67
812 1666.67
813 1673.33
814 1673.33
815 1673.33
816 1673.33
817 1673.33
818 1673.33
819 1673.33
820 1666.67
821 1673.33
822 1673.33
823 1693.33
794 1673.33
795 1666.67
796 1653.33
797 1666.67
798 1653.33
799 1646.67
800 1653.33
801 1666.67
802 1660.00
803 1653.33
804 1666.67
805 1660.00
806 1666.67
807 1666.67
808 1666.67
809 1673.33
810 1660.00
811 1666.67
812 1666.67
813 1673.33
814 1673.33
815 1673.33
816 1673.33
817 1673.33
818 1673.33
819 1673.33
820 1666.67
821 1673.33
822 1673.33
823 1693.33
794 1673.33
795 1666.67
796 1653.33
797 1666.67
798 1653.33
799 1646.67
800 1653.33
801 1666.67
802 1660.00
803 1653.33
804 1666.67
805 1660.00
806 1666.67
807 1666.67
808 1666.67
809 1673.33
810 1660.00
811 1666.67
812 1666.67
813 1673.33
814 1673.33
815 1673.33
816 1673.33
817 1673.33
818 1673.33
819 1673.33
820 1666.67
821 1673.33
822 1673.33
823 1693.33
794 1673.33
795 1666.67
796 1653.33
797 1666.67
798 1653.33
799 1646.67
800 1653.33
801 1666.67
802 1660.00
803 1653.33
804 1666.67
805 1660.00
806 1666.67
807 1666.67
808 1666.67
809 1673.33
810 1660.00
811 1666.67
812 1666.67
813 1673.33
814 1673.33
815 1673.33
816 1673.33
817 1673.33
818 1673.33
819 1673.33
820 1666.67
821 1673.33
822 1673.33
823 1693.33
